WL	SiCnofilter	SiB1nofilter	SiDnofilter	SiEfilterno
300	778863.2066	813733.5421	841464.5858	565968.1468
301	781282.5769	811332.1133	846963.8522	577152.1477
302	791397.6092	827188.4178	859541.2021	571142.2127
303	800224.653	837074.9728	873520.3984	573205.0346
304	804487.456	849933.4224	880091.5405	578644.6809
305	802709.2174	843505.2283	879990.29	591408.1189
306	814441.4655	857424.7491	896874.0809	587777.153
307	821668.8558	866834.7151	906900.2046	590055.7743
308	814952.929	860464.3991	900283.2975	594663.646
309	828246.5288	879671.7594	915943.628	602559.7808
310	831525.317	886146.6693	925444.3518	611522.3105
311	828848.0034	882840.3743	925321.1308	614693.8184
312	825963.8452	884316.4091	924640.489	614596.6915
313	830292.0952	891235.3032	931932.0296	617605.5841
314	846158.6248	907531.7748	950091.7548	634226.9732
315	850134.9994	912317.7278	958373.6845	639841.6873
316	858099.057	923040.9257	969649.1251	637051.8042
317	854090.7596	924250.4286	970515.0045	639331.3204
318	861765.5287	934219.4018	981577.2819	645172.0511
319	870515.4416	946125.2238	993026.9089	648975.7917
320	873496.9415	949808.1637	997098.234	653375.9389
321	869620.7677	950089.804	996052.8198	658647.5261
322	880615.3713	960832.4782	1012960.828	670166.3561
323	889878.5332	974013.1993	1025858.704	678158.3285
324	885227.7928	969561.7104	1023783.743	676677.7651
325	893963.5929	986964.3874	1036004.147	681882.1408
326	890917.1733	982659.9922	1035854.682	693220.302
327	892478.145	986775.0833	1040506.598	698225.9866
328	900060.9476	996714.3445	1051405.082	700956.2714
329	910296.0371	1008052.674	1066718.108	702124.6174
330	917665.9278	1017070.106	1078739.971	711503.0435
331	913020.246	1015711.495	1075487.815	725467.5188
332	907863.171	1010528.782	1073378.089	727881.8263
333	909497.0425	1015635.061	1077317.664	734289.5209
334	918588.6027	1027148.489	1090644.818	735082.7825
335	927702.5665	1038938.727	1105163.44	739399.55
336	921173.5425	1033486.411	1100181.237	745793.3696
337	925845.415	1041820.884	1108154.521	751667.0656
338	917448.1963	1038918.264	1100199.293	753710.9177
339	919629.0114	1042438.981	1107214.973	753634.5613
340	925466.3611	1048787.534	1115911.507	761523.1993
341	927336.0894	1052687.078	1121297.308	761551.4619
342	929373.5445	1057213.618	1128602.628	769214.4267
343	921437.2927	1051853.574	1120719.167	768747.0483
344	922522.853	1054694.207	1123647.755	771174.0952
345	921916.7877	1055611.192	1127813.86	767615.1951
346	912151.4168	1045964.263	1117713.31	772337.9817
347	913119.8328	1049548.006	1120624.998	774156.3453
348	913012.5179	1050475.498	1125160.176	770805.0539
349	906288.0267	1045376.426	1118727.637	782821.639
350	896453.0443	1037522.03	1108291.902	780413.5614
351	893765.6359	1036465.58	1108274.623	781096.5303
352	891070.5307	1034829.755	1106721.116	778545.6012
353	887757.5346	1032983.79	1104105.424	775469.0367
354	877129.5352	1022707.205	1094118.877	773176.2458
355	875006.7147	1021804.044	1092538.27	774627.9153
356	871845.7457	1019117.27	1090272.887	774444.5781
357	860164.3668	1006206.72	1078159.468	769570.9937
358	857490.0556	1005262.477	1076245.807	767967.4158
359	854673.2003	1005322.883	1073653.162	766217.6618
360	850361.1057	1002062.847	1070567.068	770015.2721
361	843087.223	995047.3739	1063275.42	769309.5701
362	842706.2931	993229.4729	1063897.806	765932.6937
363	840388.1291	992299.6921	1062688.872	764375.5489
364	832163.7994	983718.8221	1052432.709	769821.9038
365	832428.5138	985262.8235	1054688.99	765880.4203
366	831714.4581	984225.4933	1054197.956	766064.4689
367	822437.2406	973873.9738	1043167.104	765550.6686
368	823044.9708	974717.1797	1044742.739	761075.7925
369	820562.232	972906.6626	1042238.373	761006.1811
370	818917.9838	970971.2271	1040474.084	759134.3026
371	816189.7928	969492.3175	1036359.172	741791.0367
372	822772.8958	974704.9603	1044698.396	745359.6691
373	829971.5894	981906.0656	1053635.702	748379.0781
374	835487.0583	987051.306	1060566.734	751404.2531
375	830681.0833	981288.8092	1053951.657	754086.3278
376	837835.2438	987644.3216	1062326.257	755882.5516
377	846626.2513	994376.0985	1070788.667	765019.1509
378	852983.5645	1000519.822	1078548.556	769026.3829
379	861465.4977	1007365.687	1087610.574	768772.7377
380	869142.231	1014310.938	1095861.56	772654.8457
381	870247.1997	1012266.545	1095186.322	782511.2636
382	880304.6918	1021749.248	1106551.744	786522.0891
383	879658.5362	1017827.637	1105329.857	792485.2586
384	893877.9097	1029362.601	1118540.086	795722.4607
385	906297.6347	1042938.747	1132650.378	806295.0327
386	915271.7567	1049624.985	1142710.371	812993.5896
387	919187.0297	1049814.822	1143107.972	816098.3991
388	930548.9649	1061533.569	1155585.826	825351.6517
389	932137.2423	1060465.1	1155864.095	828543.476
390	946642.7224	1071484.752	1169056.14	832774.3026
391	948785.4506	1071168.689	1169981.1	844099.5294
392	957245.8429	1076523.031	1178010.811	849327.4767
393	970617.9815	1086704.119	1190422.038	854168.7827
394	984296.3632	1100069.814	1205355.181	858900.9082
395	987741.5207	1100060.378	1207211.346	865199.8006
396	1003029.08	1111797.401	1221125.856	874772.8126
397	1016017.037	1123632.88	1234686.207	880663.6586
398	1019054.261	1124688.57	1235991.453	885087.6398
399	1029409.299	1133267.963	1246126.954	890803.3184
400	1039618.066	1139790.393	1253821.246	905339.9354
401	1052483.058	1151109.232	1267139.713	910175.7744
402	1064146.143	1160489.19	1278797.775	913203.2238
403	1066330.25	1158212.489	1276664.934	918815.5387
404	1076691.02	1167955.586	1287375.5	924804.0869
405	1089263.565	1179022.504	1299829.664	934536.3852
406	1103381.411	1190578.923	1312137.771	940179.5137
407	1114886.362	1201262.724	1323818.174	945346.9339
408	1117397.738	1201095.257	1323862.442	959246.3713
409	1130436.534	1212594.216	1336717.275	956581.8085
410	1146329.403	1225338.047	1350544.46	971920.4488
411	1153510.768	1230145.446	1356697.278	978482.3714
412	1166005.732	1240793.521	1368780.327	981422.0307
413	1168965.419	1240850.648	1367926.827	996721.3045
414	1182239.332	1252228.396	1380226.494	1000708.704
415	1197737.343	1266949.112	1395947.365	1006675.047
416	1203612.061	1269474.258	1398841.146	1016325.54
417	1218802.623	1282924.523	1413903.725	1021260.393
418	1225615.744	1288183.558	1418801.045	1035942.302
419	1242433.344	1303074.394	1434213.475	1042133.3
420	1246656.861	1305057.289	1436895.258	1046879.838
421	1260639.785	1318222.862	1450562.698	1053195.251
422	1275068.105	1329585.959	1462430.792	1064602.979
423	1278605.647	1331423.165	1463889.998	1071070.795
424	1284132.325	1335395.089	1467626.855	1076869.087
425	1298240.66	1348621.011	1481318.352	1084624.049
426	1309356.205	1357597.882	1489971.465	1095036.184
427	1321517.33	1368569.464	1501556.651	1105395.594
428	1322434.129	1367168.121	1500712.584	1109018.987
429	1335775.958	1378670.36	1511093.003	1120971.065
430	1347733.099	1390336.028	1522505.898	1133006.211
431	1361088.178	1401902.383	1535530.794	1136489.911
432	1372794.519	1411792.491	1544461.564	1141933.534
433	1378734.354	1415710.986	1549050.67	1151344.643
434	1387122.328	1422325.351	1556185.843	1164753.326
435	1405482.263	1439705.237	1574294.653	1171001.585
436	1415381.991	1447473.761	1582063.814	1179647.654
437	1421459.12	1451983.697	1586464.994	1184425.667
438	1428545.594	1457437.59	1591741.906	1201516.725
439	1448228.967	1475396.565	1610143.201	1208234.254
440	1459529.955	1485407.072	1620437.403	1214830.796
441	1464728.526	1489820.359	1624045.3	1223246.806
442	1475489.7	1497215.883	1633130.193	1234592.674
443	1487922.305	1508616.523	1643059.474	1243755.066
444	1500325.338	1519757.902	1654665.14	1251425.393
445	1503357.3	1521097.505	1655358.676	1255457.63
446	1517666.041	1534099.732	1668926.916	1271363.708
447	1528874.898	1543836.999	1679066.085	1278340.475
448	1541376.546	1555265.995	1690745.74	1288430.983
449	1546987.55	1559017.292	1694035.937	1294748.638
450	1557428.527	1569295.166	1702160.617	1306145.822
451	1570784.66	1580432.567	1714789.67	1315092.533
452	1573054.075	1581251.193	1714463.317	1324101.657
453	1584815.946	1591992.025	1725371.809	1329037.433
454	1596521.212	1602773.331	1736202.215	1345609.13
455	1609534.299	1614228.383	1746609.595	1353384.487
456	1621164.474	1624542.463	1757392.906	1359544.664
457	1633623.305	1636244.271	1768767.453	1369461.821
458	1645181.957	1646027.488	1779461.826	1376428.985
459	1648387.948	1648189.997	1780713.666	1390309.527
460	1661354.339	1660239.335	1790710.496	1401293.587
461	1666393.615	1664882.716	1794122.124	1407188.88
462	1684355.731	1681689.519	1811213.642	1422826.169
463	1687434.809	1683995.111	1812555.589	1431142.331
464	1698842.508	1694386.448	1822754.25	1437814.38
465	1711203.836	1705678.118	1833395.087	1450178.088
466	1723889.671	1717945.014	1844480.491	1457408.482
467	1739391.712	1731501.682	1859314.804	1462947.778
468	1742975.23	1734426.281	1861043.407	1478410.645
469	1756039.778	1747349.919	1873285.233	1485844.302
470	1770281.905	1760939.102	1886574.645	1492806.645
471	1774724.775	1764655.405	1889427.925	1502777.635
472	1787611.04	1777015.038	1901770.114	1515158.727
473	1790885.78	1779546.844	1903237.024	1526008.274
474	1804363.001	1791121.411	1913726.367	1532547.146
475	1818199.275	1804455.448	1926923.839	1538616.311
476	1823107.594	1809284.478	1930484.154	1553707.958
477	1836648.097	1821622.489	1942794.978	1561073.528
478	1840890.399	1825258.474	1945446.65	1567724.538
479	1857035.807	1841163.49	1961196.353	1577319.8
480	1861774.755	1845345.865	1963822.151	1589570.306
481	1875815.62	1858887.517	1976364.561	1602331.135
482	1891437.429	1874020.395	1991373.943	1610350.571
483	1896789.185	1879063.771	1995347.405	1616692.05
484	1914983.282	1895407.802	2012611.359	1627254.694
485	1919604.56	1900215.052	2016436.561	1642609.182
486	1924279.53	1904409.686	2019077.2	1651432.338
487	1938676.256	1917888.058	2032397.858	1660391.498
488	1952703.198	1932214.816	2045729.52	1667726.503
489	1960833.778	1939122.501	2052612.515	1683960.594
490	1975175.555	1952804.385	2064030.347	1692609.596
491	1988206.406	1965199.991	2076182.952	1699050.49
492	1992225.249	1969014.319	2079153.659	1709363.84
493	1999511.153	1975985.625	2085132.65	1722596.671
494	2010312.818	1985632.971	2094437.659	1729931.877
495	2022905.369	1998034.209	2106132.74	1740952.654
496	2034500.378	2009174.381	2116556.133	1747222.932
497	2041458.212	2015563.699	2122255.548	1763339.302
498	2052534.413	2026048.092	2132764.527	1771566.468
499	2064646.914	2037079.245	2142195.432	1778949.695
500	2077177.759	2049088.806	2154200.126	1789044.961
501	2091421.151	2063341.768	2167656.957	1801719.24
502	2095447.322	2067484.671	2170993.371	1810701.299
503	2101914.533	2073473.293	2174763.957	1821462.996
504	2115183.388	2085282.652	2187265.565	1827868.39
505	2127856.783	2098478.846	2199941.174	1844538.174
506	2140081.035	2110238.446	2209348.028	1852811.356
507	2147215.594	2116679.474	2215290.474	1860449.184
508	2161082.486	2129433.787	2228058.097	1871276.357
509	2173371.155	2141554.472	2239956.743	1880058.39
510	2188949.241	2156592.439	2254810.901	1895571.271
511	2194308.538	2161862.729	2257632.768	1903713.561
512	2198422.103	2165897.74	2261250.213	1912275.503
513	2211571.751	2178125.581	2273516.799	1921208.118
514	2224317.07	2190092.395	2285542.702	1937106.465
515	2240743.179	2205464.66	2299922.652	1945710.343
516	2245065.375	2209299.039	2303234.245	1955900.31
517	2258287.266	2221894.904	2315721.77	1966247.788
518	2271339.972	2234807.817	2327981.827	1973247.012
519	2284039.358	2246944.243	2339937.592	1989924.22
520	2291691.162	2254338.968	2346208.396	1998539.559
521	2296359.881	2258430.76	2349318.393	2006606.198
522	2309139.581	2270658.916	2361522.485	2022663.933
523	2322664.391	2282914.321	2373123.657	2030746.094
524	2337283.04	2296819.949	2387021.462	2039147.159
525	2345439.954	2304930.012	2394731.058	2052469.157
526	2360816.635	2319392.641	2407743.041	2061022.374
527	2374131.772	2332873.935	2420455.212	2072259.856
528	2382337.727	2340565.531	2428142.003	2086284.225
529	2387176.877	2345089.462	2431760.134	2090285.914
530	2401032.017	2358483.143	2444763.688	2106048.347
531	2411895.728	2367323.221	2454743.057	2115518.879
532	2425949.483	2381109.163	2466946.242	2122614.914
533	2439969.374	2394871.815	2481628.395	2138569.194
534	2448350.828	2402608.949	2488704.709	2148379.508
535	2452990.68	2406943.869	2490780.742	2155994.05
536	2467133.19	2420474.243	2503902.71	2168734.861
537	2481253.99	2433725.535	2517417.051	2177812.944
538	2489912.743	2442544.21	2526964.806	2185462.344
539	2506072.519	2457111.358	2540672.821	2201379.858
540	2511093.757	2461578.007	2544939.294	2213686.908
541	2520335.001	2470378.885	2553769.085	2221261.043
542	2534917.517	2484418.27	2567625.001	2232469.675
543	2548752.794	2496927.512	2579712.093	2243186.915
544	2558243.784	2505866.007	2588458.647	2253249.17
545	2573648.731	2521095.206	2603428.268	2269937.386
546	2581896.008	2528709.713	2609463.843	2275664.126
547	2586924.203	2532377.249	2613722.667	2288346.422
548	2600915.69	2546172.498	2627424.143	2294156.399
549	2615953.344	2560426.264	2641678.947	2307207.867
550	2627231.104	2571065.056	2652197.618	2320492.947
551	2640318.903	2583792.522	2663659.252	2331188.368
552	2650895.234	2593883.212	2673660.199	2342740.693
553	2656153.711	2598325.355	2678129.227	2355300.571
554	2669931.267	2612486.112	2691554.167	2362499.023
555	2684706.597	2626681.329	2705453.408	2375755.009
556	2695629.774	2636216.161	2715572.133	2387712.087
557	2709565.988	2650098.948	2727946.788	2395153.286
558	2724099.702	2664075.539	2741701.874	2407598.865
559	2733841.474	2672707.091	2750694.556	2417926.041
560	2739046.755	2677607.644	2754814.748	2431984.393
561	2753804.414	2691917.674	2768716.009	2443939.193
562	2768377.905	2705964.166	2782700.327	2451320.743
563	2778353.526	2715542.491	2792000.981	2464497.641
564	2791425.048	2728490.871	2804689.324	2476950.987
565	2807347.042	2743909.339	2819792.202	2485062.829
566	2816890.479	2752898.463	2828642.402	2497701.46
567	2821703.271	2757583.441	2833116.896	2507672.471
568	2835778.454	2771058.851	2845114.035	2521156.423
569	2850984.781	2785965.593	2859364.637	2532705.182
570	2860522.5	2795346.166	2868824.856	2541188.836
571	2873983.251	2807610.443	2881617.828	2553303.798
572	2888222.368	2821389.688	2895179.89	2564904.865
573	2896713.393	2829542.973	2902140.931	2572315.134
574	2900741.565	2833893.817	2905856.889	2583630.857
575	2914807.57	2847104.314	2919276.111	2593289.426
576	2923741.632	2855859.094	2927699.024	2603636.527
577	2935980.317	2868069.86	2939657.328	2617404.866
578	2949948.315	2881459.974	2952131.2	2624112.46
579	2962813.398	2894036.622	2964371.691	2636771.531
580	2972272.783	2903397.933	2973696.839	2648769.802
581	2977887.9	2908087.213	2978446.562	2657268.251
582	2992802.29	2922490.8	2992675.95	2670290.298
583	3004941.62	2934619.527	3004335.737	2681168.892
584	3015122.901	2944830.95	3014046.591	2693700.837
585	3029090.852	2958215.515	3027195.633	2705883.056
586	3042270.117	2971369.291	3039956.29	2714253.74
587	3054163.883	2983017.307	3051372.052	2726792.597
588	3066297.031	2994828.651	3062638.207	2739648.648
589	3079251.119	3007481.268	3074332.561	2749419.261
590	3092845.49	3020917.514	3087720.802	2760782.419
591	3098480.888	3026541.478	3092240.165	2773629.546
592	3112146.639	3039710.481	3105168.457	2785213.074
593	3124326.801	3051440.469	3116995.025	2798886.397
594	3138625.248	3065479.888	3130578.788	2807470.142
595	3154260.734	3080851.508	3145728.524	2819432.383
596	3164721.117	3090826.51	3155915.925	2832567.687
597	3170400.557	3096586.638	3160507.354	2841026.557
598	3184647.956	3109843.849	3174157.326	2853627.299
599	3197083.023	3122681.619	3186446.585	2867707.231
600	3210359.837	3135696.421	3199210.309	2876233.418
601	3226371.833	3151122.481	3214488.166	2890686.396
602	3235418.119	3160775.93	3223244.701	2902531.092
603	3240145.479	3165578.651	3226776.551	2910578.592
604	3253317.792	3178387.159	3239359.317	2924042.975
605	3266250.545	3190705.71	3251703.569	2931129.158
606	3277581.292	3201916.604	3262803.519	2943916.946
607	3291267.341	3215349.349	3275489.169	2957036.998
608	3305892.126	3229648.401	3289644.446	2965940.201
609	3315814.699	3239603.538	3299319.522	2980014.987
610	3320838.546	3244240.392	3304018.587	2991336.724
611	3335585.904	3258763.823	3317508.7	3001386.544
612	3346578.973	3269800.65	3328356.155	3016059.103
613	3360874.371	3284065.437	3342408.589	3023974.76
614	3376180.676	3298855.441	3356883.323	3038514.639
615	3389909.682	3312714.214	3370566.143	3052091.157
616	3403133.707	3325583.285	3382478.187	3062035.488
617	3416500.518	3338838.482	3395415.891	3076693.109
618	3422480.077	3344770.893	3401185.567	3089757.772
619	3438718.79	3360687.436	3416988.814	3099593.93
620	3451894.227	3373638.466	3429778.82	3113855.143
621	3466840.18	3388461.436	3443640.705	3124185.538
622	3479090.905	3400493.445	3455480.763	3138280.58
623	3485190.153	3406541.859	3461141.676	3151217.75
624	3499152.876	3420046.559	3474910.479	3160885.044
625	3511453.541	3432508.896	3486300.673	3175552.115
626	3525533.126	3446272.17	3500403.904	3186353.534
627	3541501.235	3462163.508	3515435.253	3200407.564
628	3553020.361	3473669.417	3526938.542	3210825.032
629	3567107.89	3487550.887	3540487.721	3226029.837
630	3573375.528	3493946.579	3546388.581	3236143.447
631	3585863.267	3506396.208	3558217.048	3249186.463
632	3599060.893	3519439.93	3571043.063	3261215.688
633	3611490.965	3532072.839	3582952.173	3271732.485
634	3623959.531	3544544.662	3595128.695	3284557.483
635	3637592.87	3557868.367	3608486.892	3293855.549
636	3649534.596	3569508.368	3619993.564	3307696.569
637	3654721.274	3575081.481	3624671.735	3318554.373
638	3668707.754	3588939.752	3638143.969	3327119.695
639	3680799.104	3600685.144	3649453.172	3340782.236
640	3693198.539	3613096.576	3661832.631	3352563.069
641	3708693.971	3628450.987	3676937.852	3364195.364
642	3721598.864	3641128.774	3688959.836	3378131.29
643	3734980.337	3654516.188	3701977.337	3391974.2
644	3749157.393	3668617.682	3716036.757	3403658.505
645	3755434.586	3675213.12	3722101.447	3417004.881
646	3769490.009	3689097.132	3735758.416	3427684.194
647	3782967.809	3702227.487	3749070.33	3441708.876
648	3797522.419	3716962.688	3763242.377	3453446.749
649	3810849.23	3730222.483	3776147.562	3467353.232
650	3817354.925	3736740.96	3782171.762	3481718.869
651	3831638.864	3750664.833	3796226.22	3492297.751
652	3845916.818	3764912.999	3810016.76	3507839.619
653	3859900.501	3778701.002	3823669.377	3519516.262
654	3874488.433	3793476.429	3838040.11	3529029.258
655	3888034.831	3806876.462	3851034.696	3546753.382
656	3901073.978	3819954.78	3863597.287	3557732.133
657	3915325.22	3834007.119	3877519.102	3570357.866
658	3929268.357	3848073.073	3891333.162	3585956.885
659	3936181.609	3854720.676	3897661.181	3596658.202
660	3948576.37	3867025.06	3909694.049	3608178.188
661	3962756.264	3881118.64	3923894.196	3619625.46
662	3974248.92	3892753.857	3935028.741	3633425.112
663	3987740.823	3906403.069	3948244.611	3643693.934
664	3999974.062	3918688.572	3960103.841	3655697.84
665	4013021.82	3931512.097	3972815.08	3669717.617
666	4025826.106	3944335.389	3985483.713	3683891.62
667	4036338.095	3954979.366	3995769.073	3692043.099
668	4042096.66	3961103.503	4001113.24	3705880.442
669	4055193.048	3974005.343	4014083.996	3717060.549
670	4069072.009	3987809.384	4027569.042	3730059.779
671	4082142.966	4000429.015	4040526.762	3743192.438
672	4094855.459	4013434.007	4052702.205	3754127.325
673	4108284.35	4026731.428	4065835.897	3768717.928
674	4123703.492	4041854.089	4081166.018	3782621.133
675	4136306.801	4054684.138	4093543.409	3791523.316
676	4143556.667	4061528.828	4100555.696	3808079.806
677	4158376.007	4076537.834	4114795.318	3820461.147
678	4172182.626	4090232.197	4128241.698	3833129.505
679	4185339.011	4103398.678	4141259.776	3846540.066
680	4198089.083	4116137.045	4154024.496	3859297.312
681	4213826.711	4131831.376	4169388.296	3873083.101
682	4226413.493	4144512.178	4181671.955	3882088.183
683	4239058.627	4156801.445	4193917.496	3898881.379
684	4251508.576	4169600.685	4206350.75	3912395.381
685	4267157.137	4185025.711	4221826.53	3924117.305
686	4274372.626	4192267.84	4228845.985	3935499.407
687	4287575.69	4205264.881	4241821.363	3949606.474
688	4302519.47	4220334.699	4256632.346	3963941.515
689	4315237.513	4233402.323	4268962.402	3974348.541
690	4328555.962	4246258.785	4282196.221	3988529.089
691	4342467.775	4260188.42	4295497.53	3996811.878
692	4348375.894	4266633.957	4301552.266	4012684.086
693	4358982.164	4277289.7	4312088.393	4020973.227
694	4374584.703	4292703.278	4327605.672	4034432.878
695	4385996.985	4304295.505	4338808.586	4046370.595
696	4399679.629	4317875.098	4352271.401	4057082.781
697	4405946.385	4324064.095	4358163.159	4069176.957
698	4421094.217	4338696.63	4373231.37	4084724.002
699	4426306.396	4344793.139	4378697.155	4096099.368
700	4441441.466	4359966.844	4393365.483	4108180.319
701	4448891.75	4367858.589	4400583.572	4117413.938
702	4466020.322	4384822.252	4417683.574	4132328.209
703	4480523.997	4399183.195	4432396.74	4148139.589
704	4491833.585	4411247.325	4443241.019	4156515.281
705	4506520.897	4425688.758	4457615.09	4169641.401
706	4519443.305	4438437.908	4470366.541	4182425.988
707	4533013.614	4452011.341	4483796.597	4191381.469
708	4538056.523	4457212.748	4488722.753	4218031.229
709	4532413.966	4452721.423	4483243.862	4212593.317
710	4540016.647	4460512.509	4491000.526	4232595.553
711	4574612.908	4494586.052	4525249.166	4244942.264
712	4586940.504	4506832.04	4537493.567	4256136.665
713	4600532.742	4520694.265	4550639.113	4268542.88
714	4613317.796	4533369.499	4562982.442	4281114.278
715	4626796.667	4547218.264	4576243.012	4290711.641
716	4636368.948	4557185.655	4586109.142	4305587.765
717	4649724.22	4570295.43	4599132.475	4313290.762
718	4659380.747	4580184.002	4608806.391	4326452.555
719	4666193.284	4588582.046	4615700.04	4342372.837
720	4677820.065	4600345.152	4627451.405	4352113.893
721	4689087.401	4611562.915	4638318.253	4366315.038
722	4702915.11	4625178.963	4651742.815	4378625.388
723	4719082.021	4641965.385	4667853.031	4390327.869
724	4729482.286	4652263.428	4678004.854	4406685.678
725	4740865.92	4663840.674	4689214.943	4415399.241
726	4752334.536	4675343.078	4700841.088	4429699.162
727	4769180.294	4692972.135	4717171.578	4446829.986
728	4777065.495	4700758.925	4725302.277	4454125.737
729	4787611.778	4711510.682	4735999.826	4466694.86
730	4799912.211	4724290.342	4748256.91	4480892.537
731	4808906.416	4733520.722	4756641.332	4494638.888
732	4828415.322	4753282.865	4776494.728	4506140.526
733	4839627.074	4764780.403	4787248.747	4515368.103
734	4849104.469	4774711.13	4797111.57	4534902.488
735	4866442.271	4792527.648	4813620.903	4547202.126
736	4875933.316	4802852.429	4823625.822	4555361.952
737	4884702.653	4811152.073	4831357.374	4569201.732
738	4894207.24	4821088.59	4841952.128	4581020.596
739	4911546.938	4839206.142	4858782.91	4596173.915
740	4922571.964	4849941.393	4868866.036	4607704.605
741	4938013.041	4865896.607	4885296.056	4620588.009
742	4945056.054	4873314.354	4892332.562	4633223.214
743	4952376.951	4882321.494	4899467.564	4644340.242
744	4967817.384	4897999.15	4914993.275	4651714.515
745	4977519.765	4907410.64	4924440.518	4662357.553
746	4988059.92	4918286.615	4934805.539	4676178.379
747	4996552.15	4927592.372	4943596.802	4686962.895
748	5005903.371	4938532.79	4952811.555	4697821.14
749	5015601.607	4947734.808	4961758.024	4712062.536
750	5033526.645	4966194.294	4980544.247	4724464.433
751	5043801.349	4976195.683	4990708.561	4736064.995
752	5052995.223	4987428.988	5000433.562	4743950.23
753	5062336.516	4996445.117	5009070.053	4762621.047
754	5070722.221	5005293.911	5017547.898	4770757.972
755	5090233.354	5026608.427	5037000.576	4783891.022
756	5100134.093	5036500.837	5046926.037	4796913.044
757	5111655.623	5047661.937	5057533.812	4810339.692
758	5119996.185	5056705.921	5066436.495	4823017.034
759	5124099.491	5063083.709	5070828.572	4837992.302
760	5143968.435	5082903.174	5090445.89	4848767.939
761	5152409.636	5091973.403	5098556.206	4863308.396
762	5165325.325	5105011.869	5111603.905	4870107.922
763	5183338.214	5123020.571	5129062.151	4883884.824
764	5194180.46	5134970.592	5140040.374	4903053.843
765	5209148.037	5150950.616	5156023.104	4909302.926
766	5217552.272	5159812.012	5164719.853	4922152.592
767	5228997.469	5170072.703	5174417.052	4939399.205
768	5236645.929	5181511.127	5182981.512	4946169.149
769	5247712.635	5192420.937	5192714.132	4962481.605
770	5267676.693	5212851.864	5214089.049	4967186.891
771	5275071.545	5220606.137	5221675.052	4977917.114
772	5284530.454	5230549.638	5231504.09	4999830.835
773	5294335.408	5240350.511	5239748.604	5006468.178
774	5302672.606	5249164.901	5248257.238	5016497.625
775	5321423.827	5270978.942	5266846.385	5035824.265
776	5330002.602	5280163.782	5275460.586	5045139.52
777	5338874.593	5289231.694	5285388.421	5059358.085
778	5350008.957	5299721.348	5295376.527	5067232.501
779	5366747.478	5318713.746	5311958.442	5081096.414
780	5375380.348	5327302.985	5321140.945	5099577.468
781	5382677.006	5335522.007	5328394.354	5103310.812
782	5399554.191	5351893.134	5344037.093	5119585.333
783	5410657.84	5365359.676	5356207.254	5130274.239
784	5435017.774	5390782.934	5380503.745	5130563.875
785	5443296.364	5398949.381	5388047.599	5149220.525
786	5459461.109	5415671.408	5403976.258	5166172.118
787	5448447.072	5406432.376	5394294.673	5176608.601
788	5463333.571	5421426.716	5407861.494	5187994.379
789	5466071.049	5425032.956	5410578.915	5194359.339
790	5473189.198	5433859.876	5419296.245	5204727.08
791	5490945.367	5451511.278	5435363.111	5218588.819
792	5503314.895	5464834.93	5447136.865	5231223.76
793	5510866.909	5473410.719	5456240.126	5241887.61
794	5520551.191	5483662.639	5465658.755	5253967.631
795	5530549.311	5495199.586	5475520.969	5263500.528
796	5540901.833	5507170.341	5485619.3	5283350.511
797	5548835.475	5515712.754	5493457.41	5289125.469
798	5563615.666	5532047.856	5508451.829	5301433.218
799	5570521.588	5539455.317	5514689.644	5313240.154
800	5578853.899	5548336.439	5523462.745	5328486.963
801	5592751.493	5563441.785	5537484.941	5335755.73
802	5599825.145	5571215.796	5543606.306	5345840.729
803	5608284.441	5581399.067	5553284.947	5354800.106
804	5626327.536	5600964.665	5570940.065	5375096.921
805	5632486.026	5607805.21	5576949.789	5384003.251
806	5650111.639	5626627.653	5594397.565	5391347.465
807	5657000.016	5634458.921	5601165.09	5405427.334
808	5661354.434	5639526.404	5605609.622	5419663.641
809	5669666.174	5650190.432	5614207.462	5429590.813
810	5690279.319	5671860.973	5634752.623	5447506.381
811	5695437.36	5677130.093	5640055.881	5458685.771
812	5701113.259	5683699.303	5645779.35	5471729.415
813	5721463.942	5704834.805	5666131.414	5475234.398
814	5726403.548	5712598.273	5671051.119	5485149.615
815	5733574.392	5720041.951	5677643.988	5499243.346
816	5741330.913	5728554.108	5685168.273	5514169.361
817	5759849.554	5748452.396	5703483.43	5524074.998
818	5765899.756	5756149.277	5710599.651	5540428.58
819	5784000.864	5776062.066	5728711.769	5549733.75
820	5789558.333	5781859.649	5733833.03	5560541.377
821	5797612.577	5791762.623	5741919.084	5566848.55
822	5804648.105	5799533.298	5749150.276	5576988.394
823	5822284.826	5818456.633	5766242.651	5590783.73
824	5824897.639	5822771.691	5770219.059	5603050.444
825	5835032.883	5834322.763	5779855.932	5613641.4
826	5853554.961	5854613.166	5798135.249	5629315.778
827	5861652.239	5863380.085	5805848.568	5639667.011
828	5870078.063	5872736.459	5814407.905	5652119.158
829	5878962.59	5884145.218	5823937.463	5658812.596
830	5887501.622	5893677.077	5832627.613	5668806.651
831	5896716.144	5904166.445	5841652.264	5687411.28
832	5902534.282	5911352.79	5848398.789	5694903.482
833	5917401.222	5927956.724	5861796.296	5706043.704
834	5925468.461	5937570.496	5870065.86	5718523.898
835	5936215.946	5948176.494	5880912.21	5730573.915
836	5942082.273	5955170.13	5884857.487	5741137.013
837	5956774.105	5974108.224	5902479.985	5747784.903
838	5964914.562	5983434.208	5911026.239	5764927.51
839	5972583.016	5992844.168	5916453.381	5774176.871
840	5977993.654	5999106.004	5922063.041	5785411.151
841	5990480.943	6012337.716	5935002.098	5798300.321
842	6003700.872	6025753.065	5944842.02	5808729.957
843	6013650.332	6036886.53	5955055.615	5821321.587
844	6021088.12	6049200.783	5965705.305	5833851.205
845	6032151.407	6061939.534	5976823.475	5840173.083
846	6043409.421	6074045.346	5985219.824	5851952.436
847	6052041.967	6082981.706	5993677.496	5866087.811
848	6060592.169	6093602.791	6006159.237	5874305.507
849	6069901.777	6103384.583	6011399.442	5886483.013
850	6073667.119	6109455.219	6015159.518	5897294.357
851	6085864.493	6123889.105	6028175.617	5907601.771
852	6093516.586	6129676.15	6032448.776	5917685.605
853	6101173.912	6139986.924	6040125.277	5925899.042
854	6107588.303	6153193.467	6051536.333	5936424.009
855	6120505.022	6167076.365	6059012.468	5946117.299
856	6130216.044	6174148.706	6068717.48	5956348.997
857	6131979.08	6177535.501	6070230.955	5967201.529
858	6137657.113	6190486.284	6081915.924	5970818.075
859	6148810.615	6200069.533	6088322.962	5985127.439
860	6156368.389	6210613.155	6096189.972	5994945.967
861	6168791.652	6225598.541	6109856.034	6004218.784
862	6177500.548	6236616.588	6113710.18	6014216.939
863	6187262.725	6245034.356	6124115.935	6033415.177
864	6195350.586	6256630.244	6134483.451	6038595.747
865	6206457.914	6271579.107	6141448.189	6049807.721
866	6216582.378	6280097.182	6152748.781	6061551.57
867	6213219.421	6283724.454	6154015.466	6070196.91
868	6221066.509	6291695.344	6155705.142	6082575.249
869	6232423.436	6305899.501	6168177.471	6093539.373
870	6244735.974	6314960.024	6179367.371	6099654.892
871	6252340.307	6330192.696	6192337.094	6116667.286
872	6256599.483	6336905.998	6191535.534	6122147.566
873	6270934.495	6348657.139	6205285.707	6134739.71
874	6278710.935	6364810.565	6219071.36	6147783.768
875	6287328.847	6374850.526	6221943.176	6155201.588
876	6300480.674	6385404.251	6235037.831	6167989.573
877	6301115.971	6389278.501	6235881.587	6177526.923
878	6305212.753	6397893.553	6235116.546	6189098.982
879	6317126.273	6405558.631	6246931.97	6200663.221
880	6320240.261	6417924.131	6255774.415	6206312.689
881	6327737.214	6428323.193	6263988.655	6217525.605
882	6336487.659	6440626.008	6267774.244	6231694.413
883	6348303.773	6451845.315	6279885.55	6233207.837
884	6356046.69	6461647.122	6288124.49	6245989.028
885	6358980.939	6474278.811	6291461.087	6252896.725
886	6366473.453	6479510.052	6299198.84	6261422.259
887	6365876.905	6481647.246	6298919.664	6271489.822
888	6373896.958	6491406.577	6299347.422	6283196.116
889	6376341.624	6500252.233	6310218.615	6292117.466
890	6379708.262	6506399.534	6314967.876	6297783.471
891	6397574.889	6519943.042	6318603.179	6306785.173
892	6398121.714	6527116.899	6328276.445	6319213.59
893	6406762.539	6540127.918	6337541.293	6327268.98
894	6407079.829	6543653.413	6338971.392	6337351.184
895	6420391.941	6560723.191	6346086.087	6349478.067
896	6426206.784	6564730.692	6351482.628	6359739.995
897	6433478.182	6575388.407	6359664.84	6367354.587
898	6446570.537	6592282.324	6367287.779	6377674.766
899	6446181.843	6599504.072	6375740.377	6391633.637
900	6455902.241	6608187.455	6380260.856	6401365.139
